19261231      0.096903      0.042037
19271231      0.334281      0.272501
19281231      0.390488      0.336692
19291231     -0.150244     -0.181555
19301231     -0.288163     -0.320775
19311231     -0.443574     -0.476552
19321231     -0.084733     -0.145182
19331230      0.575033      0.510776
19341231      0.042697      0.000771
19351231      0.448374      0.389794
19361231      0.321524      0.265121
19371231     -0.346108     -0.380844
19381231      0.281558      0.227356
19391230      0.021159     -0.026413
19401231     -0.074451     -0.126859
19411231     -0.096283     -0.157225
19421231      0.162997      0.086559
19431231      0.280559      0.216648
19441230      0.213527      0.154688
19451231      0.384458      0.329355
19461231     -0.059003     -0.097190
19471231      0.033790     -0.022171
19481231      0.023368     -0.039015
19491231      0.201024      0.121402
19501230      0.300232      0.213394
19511231      0.208270      0.141564
19521231      0.132935      0.073631
19531231      0.003530     -0.050577
19541231      0.501759      0.431303
19551230      0.253033      0.202898
19561231      0.084737      0.042649
19571231     -0.103731     -0.140964
19581231      0.448342      0.393172
19591231      0.125995      0.090202
19601230      0.011560     -0.022409
19611229      0.269443      0.232998
19621231     -0.103181     -0.132959
19631231      0.208876      0.170997
19641231      0.163038      0.128491
19651231      0.143860      0.109940
19661230     -0.086888     -0.116818
19671229      0.285666      0.247259
19681231      0.141689      0.109209
19691231     -0.108362     -0.135110
19701231      0.000722     -0.034071
19711231      0.161989      0.128146
19721229      0.173406      0.142560
19731231     -0.187479     -0.211772
19741231     -0.279412     -0.310612
19751231      0.373582      0.318181
19761231      0.267693      0.219154
19771230     -0.029769     -0.072991
19781229      0.085448      0.032901
19791231      0.244092      0.182865
19801231      0.332392      0.271270
19811231     -0.039864     -0.083566
19821231      0.204216      0.142450
19831230      0.226503      0.178874
19841231      0.031620     -0.011487
19851231      0.314113      0.264615
19861231      0.155619      0.117883
19871231      0.018309     -0.013574
19881230      0.175554      0.129789
19891229      0.284321      0.240266
19901231     -0.060836     -0.093920
19911231      0.336436      0.296335
19921231      0.090650      0.061170
19931231      0.115846      0.087945
19941230     -0.007573     -0.032834
19951229      0.356721      0.325081
19961231      0.211614      0.187513
19971231      0.303332      0.281698
19981231      0.222844      0.205271
19991231      0.252412      0.236227
20001229     -0.110690     -0.120470
20011231     -0.112681     -0.124451
20021231     -0.208469     -0.221148
20031231      0.331427      0.307862
20041231      0.129963      0.108440
20051230      0.073171      0.053902
20061229      0.162067      0.140457
20071231      0.073128      0.053077
20081231     -0.383018     -0.397316
20091231      0.316127      0.283949